8
30
52
82
26
92
56
66
78
14
74
46
46
64
62
52
66
64
16
82
36
82
12
12
90
22
4
92
56
38
46
62
16
6
38
48
74
96
84
86
6
72
98
4
28
62
46
36
12
80
26
58
12
10
76
92
74
36
58
80
12
32
84
56
32
20
74
6
74
92
84
24
16
98
58
8
2
34
46
60
98
44
10
30
44
72
98
46
64
30
60
42
56
30
60
50
26
56
8
96
58
0
98
4
38
2
92
22
80
28
70
38
72
54
20
74
68
22
30
74
64
14
38
34
4
32
12
4
30
62
22
10
86
34
8
70
54
64
54
50
36
28
84
48
82
38
32
54
46
64
26
74
14
8
0
14
54
14
32
80
72
42
78
44
62
36
54
76
74
70
24
28
76
80
18
64
82
70
94
46
32
74
50
84
12
10
84
10
28
24
78
4
18
30
94
44
10
12
76
94
4
34
78
62
76
66
70
12
0
52
20
44
82
72
42
32
50
42
32
60
82
52
40
54
80
80
94
24
52
6
74
20
10
8
64
88
88
30
14
86
48
14
4
2
40
82
98
30
24
38
18
62
54
2
36
40
22
6
42
96
28
44
22
58
