35
53
43
59
73
1
53
45
81
33
17
93
9
91
27
59
75
73
83
79
71
61
15
41
39
45
47
47
37
91
53
89
13
79
3
37
5
45
17
15
93
71
67
43
79
15
65
83
29
15
77
55
43
33
43
85
57
7
9
7
73
7
81
87
15
31
1
63
61
63
81
63
87
5
25
99
59
57
65
13
23
1
49
75
85
49
73
7
23
99
61
81
89
27
15
29
93
29
97
43
29
97
79
79
11
7
75
71
85
49
5
61
63
81
99
17
19
95
49
15
45
65
35
43
73
55
51
5
97
99
5
61
93
71
75
39
55
9
11
37
91
63
85
47
85
51
31
7
93
21
87
47
59
85
29
27
15
77
37
11
69
33
59
31
55
77
25
1
17
13
11
5
93
45
77
39
79
29
69
29
1
71
3
37
47
93
71
81
99
71
3
35
71
3
77
55
83
33
5
13
49
3
37
57
73
97
91
77
95
85
33
69
43
43
99
9
69
13
85
55
37
89
79
99
59
43
5
99
43
33
67
3
11
15
89
47
